1991 2061 2083 1893 1830 1972 2090 2194 2290 1852 1941 2017 1972 2054 2084 1993 2067 1886 2144 2120 1840 2002 2139 1840 1888 2011 2217 2108 1946 1806 2074 2079 1940 1847 1750 1725 1528 1806 1966 1912 2034 1842 1652 1971 2114 1868 1886 2235 2166 1784 1897 1916 1830 1927 1826 1956 1940 1908 2065 2149 1826 1843 2027 1989 1991 1911 2090 1903 1929 2261 1837 2046 1995 1600 1744 2037 1687 2126 1956 1833 2023 1672 1800 1911 1811 2013 2046 1807 2066 1931 2013 1928 1783 1924 2104 2070 2205 2242 1887 1872 
1857 2081 2043 1971 1711 1892 1845 2075 2275 2158 1829 1952 1817 1976 2124 1914 2080 1880 2098 2093 2023 1872 1914 1930 1880 1954 2153 2058 1805 1845 1934 1934 1939 1718 1881 1789 1784 1651 1972 1934 1934 1817 1856 1879 2172 1911 1907 2114 2164 1825 1898 1968 2035 2030 2082 1957 2064 1999 2135 2166 1857 1914 2038 2081 1820 1765 2155 2010 1932 2225 1662 1971 2109 1771 1809 2038 1913 2332 1965 1939 2146 1701 1818 1748 1834 1912 2134 1908 2045 2018 1933 1918 1786 1881 2218 1808 2244 2139 1845 1777 
1839 2095 2002 1874 1801 1679 1710 2153 2040 1963 1900 2049 1955 1940 2007 1945 2084 1847 1973 2149 1905 1873 1846 1871 1827 1975 2008 2026 1829 1845 1930 1811 1871 1879 1697 1787 1702 1628 1891 1862 1943 1978 1889 1756 2051 1952 1806 2043 1924 1764 1918 1887 1887 2014 2008 1941 1816 1919 2008 1981 1777 1825 1906 1957 1812 1711 2131 2010 1944 2319 1603 1813 1918 1636 1706 1881 1810 2272 1833 1786 1912 1842 1836 1913 1855 1890 2190 1772 1772 1948 2067 1867 1810 1937 1945 1806 2026 2026 1693 1669 
1933 2243 1869 1884 1746 1848 1912 2049 2088 1771 1831 1899 1991 1983 2164 1819 1933 1901 1946 2160 1893 1836 1933 1773 1843 1845 2166 2078 1993 1640 1959 2003 1813 1692 1738 1786 1649 1830 1959 1893 2150 1885 1809 1819 2096 1915 1934 2089 2050 1804 1877 1893 1926 2119 1834 1925 1909 1695 1837 2049 1863 1852 1960 1984 1786 1896 2117 2096 1947 2155 1836 1876 1918 1431 1681 1879 1955 2116 1843 1915 1976 1714 1864 1915 1902 2080 1995 1627 1879 1950 2051 1706 2061 1929 1970 1790 1946 2219 1851 1764 
1830 2039 2043 1714 1576 1732 1771 2031 1905 1834 1705 1990 1948 1944 1980 1992 1932 1927 2015 1914 1861 2008 1862 2068 1878 1944 2082 2142 1685 1567 1952 1826 1863 1757 1672 1705 1564 1797 1810 2026 1884 1719 1752 1705 2087 1804 1839 1909 1834 1874 1798 1900 1856 1905 1988 1888 2004 1818 1793 2128 1683 1820 1912 1951 1829 1813 2103 1765 1947 2150 1749 1662 2015 1651 1739 1956 1626 2286 1722 1951 2004 1552 1895 1581 1860 1943 2012 1794 1913 1930 1999 1796 1667 1998 2030 1790 2067 2141 1774 1763 
2024 2281 2074 2001 1939 1985 2095 2185 2312 2030 2022 2234 2028 2030 2244 2015 2376 2063 2139 2321 2136 2048 2100 1995 2000 1986 2300 2182 2056 1803 2173 2023 2017 2043 1910 1952 1748 1865 2119 2061 2184 1780 1965 1919 2292 1988 1981 2303 2404 1937 2089 2163 2070 2159 1964 2171 2159 1860 2184 2258 2084 1967 2075 2083 2054 1956 2211 2072 1952 2231 1875 2197 1996 1725 1929 2078 1959 2414 2109 2022 2229 1849 1954 1934 2161 2300 2242 1843 2105 2093 2107 2115 1985 2216 2180 1971 2254 2359 1898 1961 
1994 2218 1860 1866 1822 1876 1988 2352 2153 2032 1704 2174 2058 2188 2095 2122 2064 1889 1976 2177 1894 1981 1847 1950 1907 1934 2139 2220 2094 1794 2048 2097 1940 1883 1688 1841 1810 1908 1906 2011 1991 2043 1857 2065 2192 2040 2044 2065 2100 1747 1878 1990 1942 1926 2013 2020 2135 1813 2124 2227 1889 1880 2052 1997 1724 1763 2198 2078 1938 2344 1821 1979 2032 1770 1881 2015 1938 2204 2009 2071 2119 1779 1867 1817 1851 1880 2132 1751 2121 2034 1968 1914 1889 1976 2166 1852 2212 2308 1748 1876 
1821 2120 1912 1775 1802 1862 2027 2212 2248 1934 1720 1908 2066 2167 1979 2024 2173 1917 1868 2261 1851 2078 1883 1981 1962 1824 2002 2175 1950 1778 1931 2009 1770 1857 1726 1799 1741 1867 2046 1994 2082 1941 1867 1887 2072 2018 1940 2151 2098 1766 1813 1749 2055 1915 2008 2057 2038 1828 1977 2327 1823 1914 1981 2134 1872 1889 2200 2058 1941 2194 1754 1835 2067 1717 1903 1930 2033 2242 1953 1953 2312 1665 1922 1722 1857 2018 1858 1891 2148 2003 1795 1795 1777 2019 2138 1786 2149 2349 1865 1710 
1967 2025 1892 1937 1741 1776 2075 2308 2137 1938 1795 1972 2002 1948 2057 1940 2006 1946 1947 2151 2057 2001 1911 1872 1845 1998 2080 2288 1978 1837 1975 2045 1919 1853 1640 1696 1713 1923 1899 1971 2042 1858 1751 1887 2264 2103 1938 2232 2128 1947 1791 1973 2035 1953 1955 2016 2207 1656 2123 2063 1875 1919 1889 1891 1889 1889 2086 1950 1863 2304 1847 1955 1921 1853 1669 2047 1769 2196 1911 1886 2114 1600 1817 1898 1955 1904 2030 1760 1950 2173 2035 1768 1719 1907 2066 1887 2090 2163 1831 1777 
1727 2025 1963 1893 1907 1860 1851 2010 2047 1917 1781 2010 1900 2100 2080 1905 2063 1835 1986 2130 1957 1890 1894 1917 1745 1870 2085 2070 1869 1778 1862 1804 1820 1751 1731 1747 1656 1713 1983 1893 1963 1789 1665 1791 2208 1813 1732 2096 2048 1705 1863 1914 1873 2009 1887 1802 1976 1750 1927 1950 1696 1856 1809 1966 1784 1729 2189 1965 1861 2350 1689 1885 1893 1590 1812 1876 1813 2183 1850 1806 2183 1721 1807 1839 1915 1905 2005 1696 1876 2022 1947 1748 1801 1865 2073 1943 2098 2014 1892 1732 
2226 2359 2341 2290 2126 2263 2295 2662 2361 2287 2160 2293 2272 2424 2384 2272 2244 2299 2263 2482 2262 2137 2073 2113 2320 2211 2607 2471 2369 2152 2326 2378 2210 2103 2079 2125 1861 2076 2236 2160 2333 2205 2023 2223 2478 2173 2085 2395 2395 1935 2205 2167 2233 2329 2379 2286 2271 2143 2388 2410 2042 2172 2298 2116 2134 2117 2452 2223 2168 2656 2102 2114 2242 1989 2052 2315 2147 2550 2245 2087 2477 1928 2148 2219 2310 2221 2321 2102 2283 2481 2252 1966 1973 2320 2343 2316 2393 2415 2077 2068 
2106 2272 2214 2186 2067 2110 2379 2313 2359 2237 2072 2394 2203 2351 2275 2248 2247 2222 2182 2468 2281 2202 2119 2101 2159 2205 2409 2228 2190 1893 2260 2185 2114 1999 2038 2041 2069 2120 2162 2181 2299 2190 2030 2146 2473 2258 2224 2412 2454 1912 2015 2127 2180 2247 2140 2301 2417 2050 2282 2442 2123 2189 2206 2303 2176 1922 2372 2234 1893 2530 1944 2251 2339 1832 2045 2277 2137 2446 2251 2053 2400 1954 1995 2174 2080 2160 2376 2165 2242 2160 2243 2073 1878 2184 2237 2126 2443 2419 2175 2092 
2083 2379 2193 2048 1911 2162 2036 2406 2212 2123 1947 2337 2239 2045 2382 2211 2049 2255 2204 2096 2132 2124 1976 2000 2125 2206 2376 2276 2177 2021 2323 2149 2121 1993 1881 1884 2011 2024 2249 2119 2263 2194 1983 2099 2329 2247 2007 2315 2273 2001 2154 2078 2191 2110 2151 2228 2216 1949 2204 2330 2013 2283 2015 2124 1996 2110 2295 2215 2061 2508 1929 2160 2327 1769 1998 2114 2026 2400 2118 1901 2374 1793 2256 2163 2068 2142 2302 1993 2135 2341 2139 1935 1799 2157 2120 2107 2296 2277 2059 1884 
2024 2149 2034 1943 1737 1891 1893 2325 2300 1847 1944 2085 2122 2164 2214 1995 2155 1981 1968 2363 2095 1957 1992 2088 2025 2094 2143 2212 2095 1917 2056 2054 1934 1905 1905 2004 1670 1909 2071 1957 2041 1943 1867 1936 2400 2015 2132 2061 2259 1812 1931 2041 2020 2144 2000 2124 2221 1933 2141 2289 1915 2046 2012 2077 1830 1788 2233 2096 1951 2253 1965 1978 2260 1835 1625 2201 2022 2235 1883 1921 2281 1760 2017 2088 2041 1983 2072 1883 2073 2090 2013 1992 1868 2108 2169 2076 2260 2328 1823 1765 
2094 2279 2203 2137 1977 2090 2096 2302 2405 2146 1932 2188 2289 2423 2295 2030 2173 2333 2047 2330 2221 2112 2118 2240 2104 2186 2540 2287 2102 2012 2168 2266 2066 1979 2016 2104 1823 1958 2212 2201 2320 2148 2085 2113 2315 2097 2084 2381 2397 1852 2033 2038 2070 2207 2219 2338 2279 2232 2117 2375 2005 2201 2237 2192 2124 2107 2303 2133 2074 2489 2000 2098 2345 1862 1979 2178 2098 2526 2152 1921 2347 2058 2120 2063 1993 2186 2136 1952 2244 2408 2184 1959 1952 2307 2312 2118 2311 2438 1996 2081 
1916 2467 2242 2180 2119 2102 1974 2198 2259 2127 1867 2067 2153 2285 2142 2081 2182 1974 2079 2351 2225 2160 2006 2068 1957 2066 2351 2401 2047 1873 2159 2035 2069 1831 1902 1790 1799 1938 2051 2249 2247 1848 2004 1986 2212 1912 1974 2319 2343 1903 2110 2046 2121 2106 2127 2255 2194 2010 2187 2416 1849 2161 2212 2036 2100 1933 2208 2209 1970 2360 2035 2015 2201 1814 1793 2266 1979 2312 1934 2081 2375 1803 1969 2007 2007 2294 2214 1876 2177 2188 2118 1884 1924 2302 2167 1875 2357 2525 2109 1901 
1858 2291 2249 1849 1929 2000 2093 2469 2304 1933 2021 2319 2145 2259 2312 2241 2187 1983 2235 2389 1886 2103 2068 2021 2043 2020 2239 2264 2100 1848 2163 2267 2074 1971 1990 2003 1851 1980 1987 2027 2187 2100 2020 2050 2296 2064 2063 2257 2172 1957 2013 2019 2170 2067 2174 2007 2177 1944 2301 2395 1877 2005 1995 2025 1829 1874 2168 2081 2075 2503 1873 2007 2103 1700 1743 2160 2010 2439 1880 2011 2238 1597 2270 2044 2103 2161 2228 1889 2066 2235 2211 1935 1899 2120 2169 2114 2237 2369 1907 1814 
2104 2419 2338 2135 2027 2260 2069 2413 2455 2152 1984 2202 2239 2449 2458 2132 2287 2228 2165 2356 2317 2256 2107 2248 2007 2223 2551 2620 2222 2090 2316 2331 2088 1963 1943 2022 1916 2272 2155 2235 2332 2006 2026 2034 2387 2097 2157 2438 2428 2067 2134 2155 2251 2272 2164 2327 2263 2203 2226 2487 2155 2126 2187 2323 2151 2058 2489 2257 2160 2555 2138 2001 2320 1911 2037 2321 2141 2518 2138 2032 2473 1923 2041 2222 2235 2272 2227 2055 2384 2397 2209 1961 1998 2202 2428 2364 2405 2443 2066 2132 
1805 2234 2050 2053 2047 1956 2051 2250 2343 1981 1983 2078 2038 2245 2202 2025 2090 2079 1906 2385 2115 1999 1945 2037 1800 2165 2299 2272 2068 2003 2022 2080 2057 1904 2083 1924 1727 1873 2007 2012 2014 2166 1912 1840 2256 2022 1955 2206 2116 1924 1876 2235 2076 2123 2245 2029 2077 1954 2229 2203 1917 2030 2147 1865 1926 1745 2246 2089 1929 2344 1854 1957 2068 1933 1734 2109 1999 2200 1965 1809 2216 1714 1923 1938 2108 2152 2072 1869 1941 2149 2091 1911 1931 2157 2207 2094 2280 2152 1958 1948 
1958 2223 2006 1950 1596 1891 1880 2237 2116 2044 1870 2184 1924 2138 2063 2108 1966 1846 2181 2159 2049 1938 1865 2000 1937 2092 2329 2316 1961 1776 2118 2088 1823 1861 1717 1759 1793 1886 1917 1944 2229 1998 1793 2010 2177 2099 2015 2225 2159 1846 2074 2040 2101 2109 2019 1979 2062 1735 2066 2049 1965 1974 2000 2109 1798 1767 1996 2023 1999 2319 1818 1940 1899 1659 1749 1975 1883 2234 1867 1870 2084 1661 1898 1849 1981 2040 2117 1770 2110 2232 2046 1772 1908 1992 2273 1953 2101 2161 1978 1838 
2210 2233 2265 2149 2056 2137 2293 2555 2516 2158 2203 2387 2243 2197 2485 2254 2235 2172 2304 2368 2173 2284 2161 2279 2354 2345 2626 2468 2248 2049 2370 2252 2216 2134 1980 2071 1990 2085 2121 2303 2131 2152 2260 2152 2425 2177 2176 2146 2407 2114 2226 2121 2351 2170 2256 2254 2265 2096 2374 2473 2202 2222 2311 2181 2024 2113 2536 2174 2079 2737 1965 2180 2359 1973 2023 2322 2054 2610 2123 2016 2377 1906 2284 2122 2192 2277 2320 2010 2125 2468 2331 2184 2018 2407 2327 2236 2470 2638 2015 2042 
1807 2164 1964 1854 1757 1895 1878 2075 2038 1932 1730 2055 1942 2015 2101 1945 2215 1900 1996 2106 1988 1880 1908 1868 1661 1853 2096 2147 1925 1797 1997 1947 1747 1856 1805 1826 1650 1812 1936 2046 2032 1778 1780 1926 2026 1774 1780 2191 2188 1684 1805 1933 1956 1885 1744 1830 1973 1859 1901 2107 1895 1892 1818 1966 1872 1878 2126 2003 1974 2256 1902 1865 1870 1500 1810 1774 1816 2178 2041 1870 2088 1717 1803 1818 1969 2088 2016 1767 1888 1997 1994 1864 1799 1835 2106 1847 1961 2152 1892 1864 
2101 2341 2161 2160 2076 2289 2305 2593 2430 2286 2001 2387 2296 2367 2404 2456 2385 2078 2145 2425 2169 2281 2214 2161 2225 2204 2426 2559 2393 1922 2337 2214 2215 2052 2007 1919 1971 2154 2215 2355 2404 2111 2218 2151 2530 2165 2269 2329 2450 2127 2186 2198 2389 2139 2294 2321 2313 2098 2331 2516 2238 2100 2272 2162 2106 2145 2196 2149 1975 2841 2256 2193 2201 1881 1994 2209 2283 2495 2294 2286 2246 1912 2142 2218 2269 2367 2487 1932 2279 2422 2496 2027 2110 2346 2443 2206 2353 2621 2147 2112 
1884 2183 2273 2118 1685 2106 1968 2329 2316 2148 1664 2076 2011 2048 2072 2084 2061 1929 2051 2194 2209 1957 1875 1912 2030 1935 2122 2170 2187 1909 2152 2228 1978 1910 1930 1820 1733 1879 2100 1959 2263 2089 1798 1928 2218 2082 2006 2199 2220 1909 2113 2067 2096 2125 2085 2012 2056 1985 2217 2369 1945 1984 2106 2119 1874 1973 1988 2025 1855 2430 1874 2218 2008 1735 1969 1972 2074 2270 2052 1933 2061 1755 1889 1992 2006 2133 2257 1779 2110 2230 2123 1804 1912 2183 2330 2118 2178 2255 2104 1852 
1876 2334 2111 1960 1938 2130 2138 2237 2373 2020 2054 2342 2238 2213 2298 2062 2322 2082 2138 2340 2036 2077 1999 2162 2283 2043 2436 2234 2224 1935 2039 2261 1905 2059 1879 2105 1944 2010 1909 2136 2105 2131 1978 2073 2250 2105 2002 2352 2339 1998 1947 1995 2016 2285 2179 2067 2246 2039 2224 2404 2046 2054 2035 2123 1822 1985 2206 2157 2001 2412 1857 2076 1998 1788 1962 2061 2047 2238 1993 2121 2254 1861 2134 1890 2008 2041 2133 1780 2158 2181 2155 2021 1990 2204 2204 2164 2186 2264 1985 1991 
2026 2201 2171 1881 1736 1985 2027 2285 2226 1872 1874 2000 1886 2145 2170 1999 2053 2119 1934 2146 2013 1998 1955 2008 2044 1892 2252 2122 1900 1801 1984 2184 2011 1938 1813 1872 1701 1793 2056 2100 2162 1826 1734 2010 2051 2042 1944 2231 2180 1912 1894 1914 1979 2188 2071 2139 2229 2055 2006 2183 1842 1956 2221 2017 1814 1940 2338 2149 2024 2392 1752 1955 2222 1713 1951 1890 2074 2362 2043 2069 1993 1884 1944 2006 1891 1920 1933 1738 2016 1977 2158 1827 1808 2010 2214 1920 2103 2277 2021 1943 
1904 2041 2218 2054 1676 1909 1939 2236 2217 1986 1874 2071 2179 2054 2111 2040 1937 1912 2144 2123 2040 1870 1867 2038 1960 2169 2216 2088 2002 1813 1958 2158 1786 1845 1840 1800 1723 1778 1907 1953 2093 2068 1868 1913 2142 2011 1915 2165 2147 1885 1959 1904 1929 2064 2048 1814 2020 1872 2137 2158 1836 2131 1967 2037 1946 1919 2147 2068 1910 2264 1709 1996 2097 1748 1779 2018 1733 2282 1781 1859 2148 1604 2019 1830 1778 1962 1968 1856 2021 2128 2084 1819 1768 2244 1988 2123 2146 2236 1871 1693 
1852 2113 2118 2041 1855 1990 1912 2156 2094 1978 1802 1937 1889 2136 2083 2000 2041 1871 1984 2031 2118 1799 1851 1919 1885 1931 2124 2191 1927 1784 2155 2049 1753 1846 1755 1790 1637 1877 1963 2038 2046 1726 1822 1893 2101 1904 1994 2055 2085 1884 1856 1906 1910 2021 2009 2006 2047 1904 2100 2086 2029 1765 1851 1955 1765 1839 2169 1975 1891 2351 1974 1914 1957 1572 1827 1863 1977 2170 1889 1780 2067 1657 1754 1962 1831 1912 2102 1624 2074 2142 1992 1783 2017 1923 2145 1940 2207 2218 1918 1748 
1996 2294 2092 1996 1888 2071 2053 2231 2346 2112 1878 2024 1975 2234 2124 2052 2109 1968 2123 2335 2129 1957 1920 2014 1928 1871 2314 2135 2031 2033 2070 2118 1905 1868 2097 2075 1656 1764 2160 2202 2150 2012 1833 1982 2178 1928 2004 2311 2192 2101 1922 2105 2060 2185 2207 1881 2187 2007 2104 2168 2134 1911 2211 2018 1907 1832 2414 2194 1967 2416 1908 2013 2031 1703 1903 2110 2008 2319 2161 2032 2174 1781 1899 1923 1914 1960 2169 1765 2049 2147 2076 1742 1898 2086 2263 2020 2340 2322 2081 1899 
1866 2148 1956 1988 1666 1911 1944 2261 2059 1874 1874 1955 1966 1919 2103 1955 1880 2005 2028 2061 1882 1913 1881 1814 1921 1989 2140 2153 1724 1755 2100 1930 1778 1877 1706 1741 1671 1824 1979 1927 2010 1921 1745 1799 2002 1889 1643 1937 2097 1713 1878 1883 1765 1937 1926 1976 1986 1821 2020 2053 1925 1920 1955 1844 1893 1890 2282 2070 1921 2293 1801 1927 2062 1631 1775 2010 1777 2045 1925 1739 2008 1687 1827 1880 1637 1775 1971 1847 1936 2007 1991 1810 1674 1842 1963 2082 1993 2021 1704 1862 
2091 2302 2329 2113 1936 2021 2219 2439 2323 2056 1982 2220 2269 2185 2244 2063 2196 2090 2216 2283 2156 2185 2125 2105 2038 2304 2476 2398 2183 1899 2270 2069 1975 2017 1853 1908 1918 2081 2111 2132 2319 2228 2195 1928 2358 2106 1961 2362 2302 1818 1996 2223 2157 2181 2237 2145 2092 2046 2213 2460 1997 2256 2233 2145 2208 2060 2369 2366 2068 2453 1948 2183 2242 1855 1747 2320 1916 2217 2189 1906 2300 1925 2071 2159 2004 2279 2172 2018 2123 2239 2341 2018 1876 2250 2153 2133 2149 2439 1968 2022 
1916 2042 2136 1791 1803 1850 1910 2176 2222 1811 1816 1968 1902 2141 2101 1847 2008 1903 1954 2255 1954 1760 1901 2000 1926 1870 2105 2050 1787 1799 2008 1792 1752 2052 1707 1883 1577 1747 1845 1850 1978 1812 1655 1641 2010 1916 1833 2113 1958 1815 1823 1913 1849 2077 1897 1948 2002 1849 1947 2095 1704 1953 2226 1854 1937 1782 2143 2008 1899 2182 1769 1943 1865 1509 1729 2106 1828 2254 1950 1824 1975 1701 1918 1758 1794 1977 1951 1739 1867 2119 1837 1682 1750 1993 2003 2021 2027 2235 1833 1717 
2055 2305 2244 2105 1823 2177 2162 2508 2403 2103 2262 2321 2246 2286 2247 2252 2018 2088 2359 2434 2248 2023 2128 2097 2140 2228 2606 2173 2236 1926 2292 2273 2104 2066 1851 1989 1851 1939 2159 2146 2254 2125 1967 2186 2401 2154 2105 2297 2302 2104 2036 2224 2039 2244 2416 2079 2374 2051 2379 2330 2069 2112 2097 2017 2160 2017 2310 2029 2069 2566 2107 2225 2174 1988 1875 2323 1873 2431 2079 2103 2149 1787 2019 1999 1829 2116 2276 1875 2193 2236 2390 1921 1915 2048 2196 2239 2435 2425 2078 1947 
2316 2367 2122 2112 1919 1911 2114 2398 2290 2128 2049 2244 2198 2359 2269 2241 2130 2118 2216 2305 2178 2085 2096 2090 2056 2151 2430 2439 2075 1975 2270 2209 2007 2093 1981 2014 1804 1998 2150 2288 2094 2201 1855 2183 2366 2194 2038 2313 2234 1957 2177 2234 2148 2125 2163 2178 2342 1943 2158 2185 2038 2210 2190 2267 2089 1990 2399 2173 2165 2476 2014 2081 2090 1850 1975 2185 2049 2408 2158 1943 2263 1813 2044 1903 2202 2140 2239 1865 2182 2344 2033 1994 1985 2186 2337 2031 2346 2240 1996 2052 
1867 2028 1972 1871 1661 1856 1805 2226 2037 1990 1675 2039 1975 2006 2089 1863 1867 1945 1936 1968 1974 1973 1861 1921 1884 1990 1987 2288 1967 1753 2150 1981 1929 1885 1796 1711 1714 1848 2031 1768 1974 1909 1897 1726 2148 2016 2019 2222 2057 1682 1884 1804 1959 1911 1767 1893 1937 1759 1979 2099 1690 1823 1783 1945 1738 1856 2012 1855 1939 2227 1608 2043 1929 1508 1836 1912 2016 2258 1784 1925 2056 1696 2028 1762 1896 1962 2066 1709 1849 2105 1937 1726 1842 2075 2093 1750 2000 2159 1760 1751 
1928 2273 2166 2049 1929 2051 2119 2357 2317 2093 1953 2252 2059 2277 2280 2263 2192 1930 2164 2311 2186 2012 2077 1910 2028 2153 2380 2211 2163 1863 2134 2282 1951 2076 2045 1844 1615 1791 2097 1881 2357 2099 1921 2046 2303 2188 1900 2423 2236 1871 1953 2126 1974 2108 2157 1946 2169 2057 2205 2136 1795 2236 2156 1906 1958 1868 2170 2092 2068 2511 1927 2247 2149 1848 1804 1977 1885 2324 1878 1934 2269 1812 2030 2124 1894 2128 2177 1833 2196 2130 2158 1922 1800 2083 2313 2155 2187 2286 2016 1790 
1874 2085 2056 1971 1773 1959 1964 2142 2137 1799 1771 2003 1959 2085 2106 1842 2052 1910 2033 2112 2049 1762 1891 1923 1912 1915 2035 2143 1918 1736 1986 2033 1773 1969 1850 1934 1588 1823 1842 1795 2071 1855 1664 1738 2082 1983 1811 2039 2152 1861 1768 1875 1890 2067 1874 1828 2037 1748 1943 2074 1870 1933 1964 1930 1818 1850 2004 1946 1736 2090 1823 1945 1904 1608 1663 1991 1833 2211 1847 1865 1984 1614 1978 1864 1919 2037 2047 1800 1768 2154 1918 1805 1736 2025 2077 2061 1957 2096 1796 1835 
1922 1938 2110 1972 1752 1953 1985 2037 2133 1960 1774 1950 1855 1916 1975 1993 2044 1814 2078 1955 1771 1867 1896 1798 1902 1829 2171 1944 1843 1810 1946 1968 1796 1790 1707 1796 1617 1663 1886 1912 1849 1786 1673 1970 2067 1902 1895 2000 1926 1684 1834 1797 1794 1990 1898 1851 1866 1827 2126 2036 1823 1793 1992 2066 1772 1913 2111 1952 1912 2315 1684 1855 1871 1640 1867 1977 1846 2247 2042 1845 2052 1685 1810 1832 1731 1869 1912 1799 1936 2046 1900 1830 1640 1889 2153 1846 2082 2169 1801 1778 
2147 2447 2340 2122 2035 2109 2196 2561 2519 2025 2075 2255 2244 2222 2293 2079 2571 2105 2184 2457 2284 2376 2221 2135 2235 2174 2407 2429 2223 2202 2343 2295 1926 2114 1997 2126 1986 2007 2102 2209 2254 2082 2026 2068 2362 2030 1938 2369 2578 2002 2206 2214 2208 2274 2141 2123 2205 1989 2328 2399 2075 2217 2228 2177 2150 2042 2366 2298 1917 2495 2050 2261 2285 1885 1979 2314 2013 2347 2218 2032 2350 2115 2153 2201 2142 2296 2146 1992 2170 2272 2246 2160 1992 2380 2509 2277 2313 2499 2045 1987 
1871 2026 2148 1853 1610 1770 1758 2202 1998 1891 1622 1956 1844 1875 1908 1998 1873 1787 1933 2009 1786 1824 1790 1811 1870 1891 2053 2142 2048 1757 1978 1928 1801 1768 1688 1836 1534 1680 1952 1839 1973 1911 1788 1753 2174 1966 1911 1994 1901 1724 1920 1876 1750 1894 2018 1879 1692 1710 1973 1928 1691 1842 1888 1768 1739 1931 2037 1899 1744 2282 1703 1796 2016 1620 1665 1931 1676 1904 1872 1759 1988 1671 1867 1963 1907 1847 1817 1672 2076 2052 1979 1700 1729 2061 2056 2025 1951 1987 1762 1571 
1884 2194 2101 2072 1935 2093 2061 2193 2293 2158 1852 2180 2048 2085 2197 2130 2035 1967 2135 2269 2140 2013 1995 2054 1937 1989 2397 2086 2065 1916 2168 1988 1988 2001 1950 1916 1801 1986 2138 1881 2011 2038 1860 1908 2298 2062 1797 2202 2352 1847 1973 2142 2081 2083 2105 2036 2193 1897 2327 2263 1879 2026 2288 1963 1982 1894 2274 1984 1933 2229 1791 2067 2104 1768 1898 2188 1937 2329 2123 1955 2364 1753 1968 1870 2037 2159 2167 1942 2030 2081 2102 1853 1710 2077 2055 2187 2320 2325 2015 2026 
2127 2422 2314 2238 2031 2199 2318 2538 2485 2219 2093 2372 2299 2378 2248 2334 2329 2167 2198 2587 2254 2152 2118 2219 2058 2181 2509 2393 2159 2109 2182 2315 2179 2169 2077 2085 1851 2180 2198 2209 2331 2060 2088 2216 2395 2150 2113 2443 2516 2033 2162 2338 2272 2239 2279 2239 2243 1962 2336 2552 2232 2215 2335 2269 2209 2024 2449 2238 2164 2460 2114 2335 2296 1932 2134 2310 2121 2630 2376 2156 2487 1943 2123 2072 2268 2428 2300 1971 2370 2469 2204 2027 1983 2326 2435 2243 2527 2643 2059 2174 
1932 2175 2160 2024 1998 2042 2042 2207 2373 2054 1920 2164 1958 2210 2351 2158 2137 2113 2149 2394 2232 2041 2040 1916 2061 1959 2183 2216 2008 1917 2214 2207 2045 1952 2073 2046 1711 1903 2085 2041 2164 2023 1797 1988 2212 2099 2004 2185 2268 1982 2057 2016 2228 2046 2143 1988 2039 2087 2173 2319 1925 1990 2132 2088 1935 1813 2088 1832 2032 2472 1947 2216 2036 1574 1845 2028 1995 2425 2040 1882 2158 1745 2030 2055 2029 2113 2173 1807 2051 2237 2152 1925 1929 2088 2262 2134 2362 2341 2029 1901 
1699 1963 1953 1780 1565 1836 1816 2098 2105 1856 1669 1800 1802 1819 1887 1796 1967 1699 1770 2099 1819 1509 1743 1765 1754 1785 1892 1907 1847 1710 1695 1876 1615 1719 1637 1689 1431 1713 1825 1856 1954 1774 1632 1777 1986 1859 1698 1865 2027 1710 1815 1757 1887 1688 1849 1800 2058 1664 1972 2092 1621 1940 1806 1732 1726 1735 1986 1974 1729 2066 1719 1783 1831 1624 1615 1797 1774 1904 1831 1769 1895 1536 1777 1614 1723 1892 1916 1645 1933 2002 1886 1714 1828 1718 1832 1822 1821 2137 1796 1532 
1887 1843 1836 1820 1689 1848 1759 1882 2011 1858 1688 1843 2054 1954 1964 1887 1830 1873 1917 1954 1833 1760 1789 1881 1876 1838 2067 1824 1854 1513 1955 1889 1772 1684 1724 1649 1588 1770 1859 1777 1806 1797 1686 1890 2075 1906 1855 1859 1938 1680 1821 1813 1829 1827 1948 1898 1870 1805 1907 2117 1784 1839 1793 1869 1811 1860 1956 1752 1897 2107 1723 1824 1856 1763 1664 1941 1731 2195 1748 1760 2006 1404 1719 1653 1688 1815 1895 1639 1918 2069 1972 1712 1620 2028 1857 1744 1905 2031 1609 1676 
2078 2463 2198 1998 2077 2064 2094 2383 2316 2140 1956 2268 2271 2200 2274 2170 2449 2071 2272 2321 2021 2183 2028 2121 1993 2085 2170 2278 2154 2037 2225 2321 2031 1858 1992 2018 1928 1878 2184 2220 2223 1974 2023 2070 2329 2228 2000 2208 2481 2091 2137 1853 2097 2078 2198 2061 2102 1850 2177 2383 2031 2090 1994 2269 2136 1943 2373 2180 2059 2584 2089 1985 2302 1852 1940 2303 2108 2491 2037 2072 2386 1864 2194 2104 2216 2097 2323 2081 2257 2211 2105 2151 2068 2322 2325 2016 2274 2447 1950 1929 
1740 1951 1932 1880 1757 1864 1925 2008 2031 1793 1863 1851 1843 1830 1955 1923 1921 1741 1975 2085 1680 1897 1738 1748 1902 1945 2078 2002 1941 1669 1941 1924 1779 1776 1728 1669 1597 1643 1859 1733 1753 1816 1792 1882 2107 1736 1749 1888 1955 1530 1780 1756 1839 1942 1883 1903 1878 1782 1910 1972 1728 1854 1818 1708 1705 1738 1926 1927 1800 2135 1726 1742 1865 1593 1568 1822 1815 1962 1832 1753 2009 1667 1812 1849 1798 1862 1919 1764 1813 1978 1898 1844 1776 1931 1936 1800 2051 1963 1687 1718 
2038 2217 2201 2001 1966 2172 2270 2381 2463 1984 2073 2147 2169 2170 2365 2286 2226 2244 2226 2480 1831 2139 2212 2165 2100 2332 2353 2384 2021 1978 2199 2154 2082 1995 1879 1863 1732 2022 2127 2276 2326 2111 1974 2197 2329 2200 2088 2135 2278 1885 2033 2051 2092 2058 2202 2128 2228 1957 2205 2265 2126 2093 2052 2032 2114 1911 2336 2066 2078 2600 1926 2075 2135 1803 1865 2221 2152 2369 2224 1920 2184 1867 2072 2032 1869 2195 2112 1879 2200 2347 2280 2039 1914 2238 2307 2162 2228 2425 1964 2040 
1857 2043 1858 1785 1815 1916 2008 2271 2375 2034 1934 1947 1895 1964 2189 1917 2067 1731 2091 2048 1754 1939 1931 1868 1838 1907 2203 2264 1778 1740 2020 2073 1915 1774 1747 1756 1708 1833 1911 1969 2138 1778 1860 1921 2205 1934 1772 2082 1995 1722 1960 1798 1947 1872 1935 2016 2098 1807 1985 2099 1911 1749 1773 1844 1843 1879 2187 1908 1808 2401 1844 1869 1834 1662 1786 2016 1946 2163 2035 1782 2099 1646 1974 1875 1941 2030 1995 1711 2138 2060 1975 1903 1834 1899 2179 1939 2045 2178 1824 1829 
1692 2102 1931 1754 1678 1912 1800 2043 2026 1816 1767 2017 1854 2006 2019 1919 1974 1935 1909 2091 1809 1815 1799 1801 1773 1823 2068 1921 1945 1567 1913 1912 1858 1721 1608 1693 1514 1697 2005 1894 1988 1680 1833 1679 2068 1952 1942 2041 2081 1916 1809 1814 1845 1933 1929 1779 2050 1810 2127 2018 1679 1813 1898 1898 1772 1728 1971 1938 1877 2142 1722 1948 1958 1650 1671 1926 1812 2164 1640 1845 2011 1659 1866 1733 1706 1922 1914 1645 2001 1996 1870 1720 1814 1954 2004 1850 2111 2232 1862 1745 
2020 2309 2203 2190 1955 1999 2083 2310 2233 2261 2049 2346 2106 2135 2174 2183 2256 1977 2076 2402 2198 1988 2144 1941 2092 2176 2453 2335 2094 1811 2025 2080 1985 2023 1956 2052 1917 1990 1997 2065 2140 1953 2097 2036 2247 2131 2186 2309 2175 2004 2042 2275 2275 2197 2091 2080 2134 2026 2194 2350 2052 2107 2105 2036 1984 2125 2183 2123 2047 2420 1857 2007 2087 1820 1809 2043 1821 2513 1995 2135 2238 1764 2051 2030 2132 2353 2327 1992 2180 2279 2266 1969 2055 2126 2250 2096 2186 2294 1874 1888 
1982 2306 1999 1911 1843 2002 2185 2287 2183 1925 1796 2184 2271 2243 2108 2216 2178 2021 2082 2294 1938 2079 1987 2164 2045 2023 2200 2335 1982 1864 2097 2050 1922 1991 1717 1776 1673 2094 2031 1977 2119 2051 1844 2018 2339 1945 1796 2133 2226 1929 1964 2087 2066 2175 2203 2056 2027 1853 2072 2372 1905 2124 2234 2088 1822 1941 2263 2027 2053 2408 2011 1964 2137 1695 1867 1985 1899 2243 2074 2116 2097 1755 2080 1848 2011 2033 2147 1821 2077 2156 2214 1956 1828 2168 1969 2069 2209 2156 1926 1906 
1826 1968 1771 1774 1703 1778 1697 2044 1937 1836 1701 2072 1878 1992 1924 1758 1970 1867 1792 2049 1844 1810 1679 1843 1771 1646 2055 1864 1805 1677 1889 1926 1611 1841 1736 1759 1567 1666 1755 1766 1862 1773 1530 1818 1933 1795 1720 1915 1879 1627 1768 1773 1843 1916 1790 1894 1816 1712 1918 1893 1681 1743 1768 1951 1610 1783 1844 1752 1821 2032 1792 1813 1707 1630 1829 1664 1753 2079 1752 1801 1878 1630 1733 1812 1911 1836 1832 1575 1697 2169 1910 1629 1653 1927 1922 1859 1867 1901 1526 1696 
1562 1829 1730 1578 1560 1601 1569 1818 1913 1531 1437 1638 1763 1683 1876 1721 1681 1714 1688 1934 1637 1535 1557 1630 1590 1578 1826 1780 1595 1565 1680 1786 1517 1620 1532 1651 1398 1521 1797 1603 1622 1707 1536 1563 1753 1540 1591 1662 1809 1595 1696 1529 1711 1634 1694 1667 1887 1688 1691 1873 1639 1690 1660 1678 1544 1567 1882 1746 1541 1912 1492 1528 1762 1456 1448 1637 1634 1968 1598 1504 1681 1398 1574 1634 1486 1591 1696 1508 1634 1776 1652 1523 1558 1786 1671 1735 1782 1765 1488 1379 
2019 2276 2000 2153 1857 2061 2314 2501 2394 2138 2117 2156 2250 2189 2228 2236 2223 1887 2208 2330 2019 2220 2049 1911 2226 2040 2330 2284 2115 1824 2082 2219 1900 2049 1927 1955 1918 2044 1955 2128 2406 2138 1979 2037 2449 2205 2000 2178 2161 1943 2205 2029 2144 2169 2074 2106 2240 2018 2221 2283 2064 2028 2047 2188 1957 2136 2298 2174 1824 2561 1892 2192 2079 1738 2121 2209 2032 2393 2037 2172 2186 1910 2061 2225 2088 2207 2187 2043 2294 2272 2227 1887 1999 2189 2332 2103 2404 2296 2072 2015 
1731 2177 2058 1930 1801 1859 1930 2184 2082 1728 1794 2024 2167 2025 1941 1870 2027 1872 1956 2283 2014 1985 1915 1901 1919 1791 2243 2021 1974 1895 2016 1993 1759 1832 1801 1872 1577 1890 1959 1909 1933 1809 1750 1883 2064 1810 1868 2226 2175 1837 1890 2045 1910 1952 1976 1857 2064 1779 2103 2090 1817 2037 1898 1957 1848 1845 2060 2044 1944 2217 1827 1923 1988 1831 1684 1985 1681 2174 1808 1826 2178 1637 1979 1920 1830 1862 1976 1746 1908 2130 2005 1751 1599 2067 1997 2039 2171 2309 1803 1672 
2273 2485 2600 2473 2157 2306 2460 2629 2558 2313 2215 2461 2486 2454 2548 2365 2477 2216 2487 2554 2319 2317 2304 2245 2301 2303 2607 2516 2464 2165 2450 2461 2295 2138 2045 2173 2065 2183 2389 2376 2348 2118 2245 2287 2609 2294 2270 2418 2330 2084 2111 2220 2204 2454 2497 2218 2454 2255 2648 2700 2239 2232 2183 2414 2123 2254 2598 2305 2233 2840 2291 2279 2451 2088 2094 2473 2314 2518 2458 2281 2665 1974 2406 2346 2162 2361 2487 2252 2380 2547 2412 2342 2136 2382 2375 2374 2443 2721 2233 2119 
1862 2140 2041 1908 1922 1845 1984 2243 2175 1829 1957 1985 1904 1957 2149 1943 2052 1762 1980 2050 1860 1899 1952 1901 1880 1869 2156 1984 1962 1845 2041 1916 1671 1825 1710 1798 1702 1919 1749 1993 2064 1811 1758 1926 1992 1853 1622 1882 2087 1752 1741 1936 1942 1856 2128 1866 2073 1809 2021 2062 1928 1814 1973 1759 1810 1682 2134 1905 1765 2321 1927 1831 1957 1648 1786 2086 1748 1967 1945 1782 2050 1661 1789 2001 1970 1893 1966 1584 2061 1961 2028 1871 1843 1799 1949 1957 2092 2160 1795 1820 
1945 2165 2126 1971 1833 1915 1987 2181 2027 2023 1937 2125 1851 2098 2085 2067 2019 2024 2212 2086 2000 1928 1960 1930 1879 2041 2295 2092 1979 1807 2055 2002 1835 1707 1811 1790 1830 1831 1857 2104 2087 1936 1854 2111 2159 1991 1918 2342 2053 1920 1814 1909 1921 2203 2056 1833 2040 1879 2096 2065 1992 1906 2013 2047 1801 1769 2189 2117 2020 2363 1826 1906 2012 1656 1666 2176 1900 2168 1921 1869 2229 1522 2002 1988 1939 2003 1990 1716 2020 2005 1998 1702 1806 1881 2152 1817 2223 2176 1876 1828 
2090 2389 2399 2119 1924 2113 2120 2339 2353 2083 2042 2308 2262 2339 2416 2279 2315 2140 2291 2454 2086 2313 2312 2013 2101 2052 2364 2318 2149 2103 2397 2083 2093 2265 2180 2098 1914 2044 2200 2136 2152 2138 2039 2078 2413 2296 2229 2447 2297 1994 2093 2320 2256 2181 2091 2060 2321 2129 2403 2358 2185 2061 2138 2211 2077 2096 2312 2065 2206 2479 1933 2151 2142 1805 1986 2216 2131 2548 2254 1943 2408 1898 2081 2080 2190 2158 2263 2080 2112 2392 2053 2105 1842 2302 2333 2289 2338 2282 2050 2072 
1917 2224 2121 2148 1899 2024 2124 2201 2464 2033 2139 2095 2138 2044 2194 2156 2167 2002 2195 2311 2111 1934 2039 1989 2073 2054 2231 2199 1830 2008 2086 2115 1886 1941 1956 1957 1835 1886 2009 2176 2137 1977 1876 2033 2195 2155 2035 2227 2368 1839 2108 2093 2112 2104 2070 1984 2306 1930 2279 2160 2040 2174 1936 2119 2012 1946 2255 2154 1929 2272 1749 2068 2029 1732 1877 2123 2100 2333 2121 1910 2323 1680 1916 1827 1897 2058 2181 2006 2097 2239 2130 1934 1712 2139 2215 1952 2327 2087 2019 1809 
2082 2449 2244 2162 1920 2006 2124 2434 2401 2129 2001 2181 2297 2255 2535 2139 2183 1998 2296 2392 2141 1988 2303 2095 2164 2230 2472 2472 2002 2126 2275 2264 2002 1902 1987 2064 1948 2023 2100 2275 2355 2289 1947 2190 2415 2206 2155 2304 2326 1939 2178 2133 2249 2117 2163 2152 2279 2086 2355 2333 2027 2289 2219 2296 2124 1907 2269 2105 2064 2557 1979 2223 2150 1781 1949 2197 2098 2365 2134 1798 2379 1863 2119 1964 2010 2274 2304 2012 2278 2384 2135 2063 2064 2239 2384 2313 2236 2462 2140 1845 
1891 2013 1963 1845 1764 1851 1897 2166 2011 1903 1758 1849 2075 1920 2219 1851 1956 1926 1844 2070 1801 1953 1857 1866 1839 2017 2022 2196 1806 1816 2002 1921 1865 1819 1674 1685 1677 1818 1747 2030 1959 1839 1717 1788 2048 1940 1786 2052 1994 1715 1708 1740 1916 1812 1937 1868 1986 1719 1872 2004 1912 1856 1916 1778 2069 1735 2065 1876 1942 2275 1783 1741 1905 1684 1694 2069 1865 2146 1953 1620 2117 1611 1775 1693 1850 1821 2066 1874 1942 2078 1857 1724 1703 1946 2051 1812 1953 2234 1761 1709 
1866 2267 2316 2055 1762 2071 2020 2387 2294 2094 1785 2369 2067 2177 2249 2052 2151 2157 2143 2368 2183 1922 1906 2020 1987 2098 2248 2135 2207 1990 2110 2121 1988 1945 1993 2006 1743 1932 2154 1942 2138 2116 1916 1958 2199 2095 1966 2327 2303 1839 2068 1995 2103 2070 2154 2001 2114 2079 2130 2382 1988 2226 2062 2135 1958 1965 2188 2207 2088 2331 1928 2021 2358 1785 1830 2128 2068 2333 2080 1988 2245 1795 2144 2153 2032 2101 2280 2043 2051 2216 2125 1975 1820 2061 2245 2126 2173 2305 2046 1823 
1699 1998 1900 1647 1514 1760 1737 1852 1827 1680 1616 1806 1839 1873 1902 1813 1832 1751 1886 1872 1707 1836 1607 1771 1778 1757 2082 1995 1654 1606 1870 1733 1552 1669 1690 1732 1625 1568 1858 1857 1808 1752 1763 1566 1953 1746 1737 1745 1616 1763 1775 1645 1797 1936 1881 1681 1802 1911 1719 2015 1754 1803 1754 1956 1649 1791 1995 1690 1783 2181 1644 1581 1733 1540 1775 1723 1755 2125 1825 1713 1896 1582 1828 1586 1830 1872 1899 1844 1677 2058 1758 1682 1588 1918 1912 1776 1909 1897 1756 1616 
1771 2072 2152 1936 1762 1791 2018 2311 2160 1991 1891 1996 2001 2219 2019 2036 2003 1914 2103 2343 2065 2052 1941 1994 2066 2012 2162 1983 2034 1904 2126 2074 1823 1966 1891 1860 1767 1736 1966 1910 2025 2042 1889 1989 2098 2068 1972 2215 2105 1803 1891 1905 2090 2141 2174 1944 2051 1922 2192 2239 1808 2011 2027 2105 1970 1683 2169 2147 2007 2351 1688 2085 2177 1682 1732 2016 1880 2272 1841 1944 2084 1777 1938 2015 1806 1920 1985 1787 1832 1985 2065 1850 1820 2061 2061 1892 2336 2277 1880 1700 
2001 2185 1984 1958 1985 2056 2108 2314 2186 2166 1905 2107 2054 2278 2148 2205 2157 2007 2031 2173 2281 2079 1892 2010 2054 2059 2201 2242 2019 1803 2200 2050 1989 1880 1862 1886 1863 1992 2130 2046 2055 2009 1893 2082 2169 1974 2122 2144 2211 1820 1865 2075 2194 1979 2153 2113 2102 1975 2047 2279 1975 2110 1940 2045 1835 1979 2246 2119 1939 2321 1918 1960 2096 1732 1811 2032 1966 2363 2048 1934 2377 1645 2081 1971 1887 2104 2196 1760 2093 2237 1930 1923 1828 2053 2171 1896 2161 2466 2130 1843 
1878 2279 2131 2159 1942 1935 2145 2389 2247 2056 2033 2201 2218 2192 2187 2080 2245 1958 2136 2418 2066 2250 2033 2115 2084 2137 2307 2380 2192 1898 2327 2151 2011 1934 1947 1967 1991 2055 2075 2067 2142 2249 2091 1957 2395 2218 2086 2262 2200 1934 2047 2075 2060 2179 2261 2208 2142 2025 2194 2305 2022 2020 2090 2168 1967 1932 2332 2172 2073 2665 2038 2137 2048 1922 1795 2163 1972 2328 1952 1995 2286 1978 1984 2141 2000 2060 2106 2024 1964 2280 2280 2039 2025 2218 2262 2212 2256 2399 1931 1992 
2008 2162 1926 1999 1960 2139 1950 2272 2246 2240 1899 2211 2160 2200 2163 2161 2123 2087 2096 2180 2148 2134 1958 2152 1950 2190 2285 2259 2060 1816 2133 2087 2171 1836 1939 1702 1822 1969 2115 2019 2230 2019 1981 2116 2244 2040 1913 2291 2372 1863 2046 1953 2166 1981 2025 2279 2306 2011 2007 2294 1982 2090 1826 1932 2007 1858 2071 2054 1905 2440 1903 1976 2202 1884 1897 2076 1968 2452 1941 1898 2356 1812 2033 1999 2044 2101 2214 1781 2225 2255 2139 1944 1842 2184 2229 1978 2225 2249 1985 1962 
2108 2183 2113 1990 1965 2189 2238 2435 2210 2108 1928 2127 2163 2251 2202 2167 2152 2167 2129 2180 2068 1840 1831 2114 2067 2049 2358 2289 2200 1873 2170 2194 1875 1930 1729 1789 1654 1975 2127 2056 2196 2038 1804 2098 2240 2155 2028 2306 2203 1890 2107 2017 2038 2165 2114 2073 2127 1868 2097 2147 1987 2196 1903 1954 2123 2075 2223 2278 2048 2175 1914 2020 2083 1891 2007 2090 1962 2209 2110 2076 2205 1682 1870 1929 1906 2106 2231 1699 2160 2259 2102 1796 1926 2211 2172 1939 2065 2298 2056 1877 
2086 2430 2198 2148 2017 2259 2174 2453 2392 2289 2033 2225 2086 2349 2481 2229 2099 2267 2165 2390 2249 2132 2104 2155 2200 2167 2554 2507 2191 1908 2301 2289 2113 1885 2086 1975 1901 2027 2207 2249 2282 2195 2059 2128 2425 2149 2120 2351 2419 2126 2270 2125 2270 2213 2096 2313 2261 2187 2159 2463 2003 2311 2349 2284 2071 2060 2411 2212 2166 2562 2084 2293 2297 1848 2072 2242 2147 2394 2135 2071 2321 1886 2161 2059 2225 2319 2242 1938 2121 2413 2184 1940 2023 2311 2316 2223 2410 2371 2149 2090 
1848 1946 1876 1719 1536 1832 1876 2189 2048 1788 1755 1891 1874 2030 1964 1940 1802 1784 1962 2214 1757 1804 1749 1923 1744 1843 2163 2051 1985 1794 1994 2098 1783 2001 1823 1739 1675 1727 1819 1748 2042 2046 1708 1927 1996 1998 1876 2069 2011 1798 1761 1795 1833 1982 1835 1773 2021 1640 1985 2015 1935 1806 1829 1724 1732 1624 2137 1963 1882 2154 1652 1763 1882 1741 1615 1910 1855 2052 1814 1686 1872 1613 1810 1824 1842 1803 1914 1591 1776 2085 1850 1635 1685 1890 2023 1925 2075 2237 1918 1800 
2239 2330 2371 2213 2084 2210 2436 2644 2558 2320 2249 2385 2237 2422 2423 2320 2400 2274 2354 2645 2113 2219 2177 2274 2112 2343 2638 2566 2403 2060 2363 2344 2303 2223 2066 2122 1948 2074 2478 2129 2424 2116 2224 2162 2673 2402 2380 2512 2376 2098 2211 2100 2272 2519 2390 2382 2430 2120 2499 2402 2242 2123 2296 2316 2190 2057 2539 2347 2270 2779 2056 2199 2318 2017 2076 2415 2319 2613 2299 2227 2521 2026 2363 2241 2268 2463 2364 2096 2381 2492 2216 2092 2186 2334 2492 2333 2505 2632 2181 2026 
1794 2101 1886 1844 1708 1850 1802 2124 1954 1980 2010 2001 1884 2048 2009 1929 2185 1717 1911 2183 1898 1917 1769 1800 1815 1886 2067 1897 1996 1703 1978 1815 1570 1654 1777 1733 1712 1679 1851 2006 1873 1811 1820 1785 2082 1822 1899 1964 1969 1793 1787 1779 1875 1924 1966 1791 1822 1727 2097 2115 1854 1736 1800 1947 1764 1601 2076 1760 1840 2406 1746 1933 1801 1679 1675 2001 1907 2069 1762 1817 2040 1625 1801 1844 1921 1851 2022 1699 1949 1921 1903 1727 1871 1978 1938 1919 1955 1979 1763 1683 
1666 1892 1829 1823 1742 1811 1932 1960 2068 1782 1755 2054 1783 1795 2072 1817 1942 1800 1826 1887 1848 1803 1745 1817 1813 1865 2104 1972 1892 1725 1826 1819 1744 1676 1646 1664 1604 1727 1667 1884 1855 1710 1675 1740 1952 1703 1679 1941 1884 1738 1685 1897 1828 1838 2064 1702 1929 1739 1864 2006 1773 1898 1777 1619 1747 1711 1911 1769 1598 1962 1605 1744 2021 1552 1621 1908 1606 1863 1912 1849 1894 1472 1803 1744 1721 1875 1959 1580 1736 1948 1942 1735 1639 1760 1847 1805 1986 2007 1841 1649 
1800 1994 1826 1658 1600 1768 1700 2006 1984 1741 1666 2012 1922 1942 2106 1869 2106 1888 1859 2108 1878 1780 1824 1863 1819 1845 1926 2016 1807 1742 1970 1870 1698 1823 1709 1795 1550 1716 1892 1966 1962 1890 1725 1813 2064 1744 1916 2072 1966 1725 1756 1738 1851 1718 1804 1857 1915 1783 1968 2019 1751 1876 1884 1846 1691 1761 1923 1907 1782 2075 1585 1897 1859 1530 1679 1786 1978 2132 1795 1651 1942 1696 1875 1708 1648 1849 1924 1690 1858 2131 1885 1696 1732 1865 2108 1838 1949 2198 1821 1520 
1780 1835 1892 1667 1746 1799 1979 2083 2135 1734 1659 1776 1931 2013 2027 1727 1865 1838 1867 2008 1708 1702 1817 1898 1786 1964 2085 1931 1775 1727 1823 1815 1652 1743 1703 1663 1484 1672 1804 1754 2059 1893 1639 1731 1984 1850 1692 2045 1993 1648 1751 1750 1912 1729 1826 1820 1973 1846 1820 2035 1651 1982 1928 1774 1971 1694 1936 1907 1689 2052 1449 1996 1957 1561 1772 1891 1625 2226 1830 1682 1921 1656 1818 1660 1654 1924 1848 1888 1875 2059 1752 1561 1511 1854 1942 1848 2003 2085 1727 1635 
2142 2360 2366 2174 1850 2309 2193 2647 2337 2321 2225 2346 2293 2368 2365 2268 2334 2229 2253 2375 2184 2285 2138 2095 2316 2273 2409 2370 2268 2078 2279 2173 2086 2064 2015 2083 1989 2002 2220 2272 2168 2136 2238 2186 2444 2268 2195 2273 2374 2073 2236 2157 2131 2315 2280 2220 2377 2148 2221 2400 2273 2066 2115 2244 2166 2167 2528 2247 2112 2780 2089 2138 2353 1909 2043 2186 2169 2601 2253 2186 2437 1992 2037 2144 2143 2231 2190 2014 2104 2327 2235 2134 2055 2282 2492 2198 2312 2326 2018 2160 
1860 2037 2041 2018 1866 1942 1996 2087 2201 2079 1897 2177 1806 1979 2076 1974 1930 1983 2148 2083 2093 1847 1841 1913 1717 1983 2292 2119 1815 1804 1963 1965 1850 1820 1760 1700 1725 1876 2112 1816 2002 1660 1847 1968 2141 1805 1930 2172 2119 1865 1969 2001 1984 1985 2063 1989 2067 1799 2094 2102 1981 1917 1983 1965 1970 1787 2095 2005 1802 2092 1927 1787 2082 1619 1694 1963 1855 2224 1987 1929 2056 1541 1910 1929 1870 2169 2231 1694 1861 2090 2092 1913 1742 1900 1948 1909 2163 2080 1930 1928 
2070 2145 2021 1845 1724 2043 2159 2304 2188 1853 2017 2052 2074 2137 2058 2176 2088 2015 1938 2341 1876 2026 2002 1792 1988 2072 2203 2184 2046 1831 2064 2049 1833 1798 1843 1769 1686 1875 2118 2003 2155 2026 1839 1980 2185 1948 2046 2041 2181 1929 1940 1900 2001 2069 1955 1961 2153 1803 2058 2268 2015 1946 1912 2031 1902 1794 2224 2004 1867 2513 1825 1840 1962 1634 1681 2080 2034 2159 2009 1836 2067 1690 1983 1987 1950 2061 1984 1736 1996 2063 2087 1847 1856 2130 2051 2058 2117 2253 1941 1818 
2194 2380 2324 2213 2057 2307 2213 2516 2538 2241 2079 2209 2239 2327 2547 2166 2277 2246 2321 2413 2191 2179 2147 2135 2184 2302 2496 2491 2231 2213 2284 2455 2216 2120 2204 1967 1911 2003 2219 2262 2336 2263 2071 2228 2410 2192 2049 2558 2468 2054 2139 2070 2158 2213 2122 2293 2419 2240 2398 2532 2055 2234 2198 2059 2108 2009 2305 2169 2183 2621 2010 2338 2249 2003 2118 2257 2174 2662 2173 2049 2411 2043 2103 2145 2213 2332 2301 2017 2324 2375 2122 2035 2031 2235 2443 2274 2430 2604 2007 2096 
1945 2247 2119 2060 1970 2211 2072 2295 2269 2090 2037 2251 2064 2219 2314 2049 2209 1949 2206 2396 2043 2053 2060 1976 1970 1986 2457 2266 2122 1933 2044 2108 1951 1826 1941 2069 1720 1914 1925 1999 2122 2094 1940 2067 2393 1969 1913 2240 2124 1703 2038 2152 2116 2104 2159 2107 2175 1928 2167 2142 2002 2112 2080 1967 1888 1831 2243 2086 1893 2458 2025 2050 2026 1674 1910 2102 2024 2206 2111 1928 2204 1795 1972 2016 1911 2133 1958 1832 2185 2269 2092 2013 2014 2069 2338 2120 2195 2197 1984 1934 
2029 2394 2199 2051 1953 2030 2190 2434 2371 2002 2219 2193 2162 2400 2218 1998 2272 2100 2200 2531 2039 2021 2042 2240 2153 2199 2455 2300 2069 2005 2130 2111 2029 1951 2013 2023 1808 1924 2174 2119 2230 2096 2051 2137 2457 2090 2055 2323 2355 1912 2148 2066 2245 2328 2327 2254 2289 2077 2190 2191 1968 2034 2438 2248 2078 1779 2238 2152 2097 2554 1965 2123 2035 1746 1957 2207 2093 2441 2045 2080 2152 1863 2050 1945 2201 2156 2317 1937 2131 2173 2343 1985 2079 2304 2300 2194 2258 2292 1970 1934 
1777 2028 1969 1754 1714 1858 1829 2034 1973 2028 1669 1893 1734 1970 2011 1932 1899 1859 1952 2145 1993 1822 1831 1899 1806 1944 2080 2065 1916 1611 1894 1801 1786 1845 1692 1647 1619 1789 1837 1851 1994 1720 1804 1869 2010 1774 1923 2049 1969 1696 1688 1853 2051 2015 1910 1871 1903 1843 1957 2145 1737 1919 2050 1873 1731 1681 2078 2012 1822 2202 1685 1844 1989 1606 1664 1889 1832 2117 1833 1936 1879 1648 1864 1854 1809 2014 1858 1527 1829 1973 1929 1677 1702 1965 1918 1752 2109 2146 1930 1692 
1922 2471 2063 2074 1913 1989 2314 2459 2331 2209 2071 2444 2277 2356 2289 2346 2278 2214 2215 2532 2086 2260 2086 2249 2181 2208 2406 2403 2365 1840 2280 2176 2078 2128 1942 2059 1928 2108 2166 2117 2207 2210 2016 2097 2436 2221 2128 2436 2367 2053 2013 2127 2167 2346 2220 2254 2255 2045 2260 2516 2101 2112 2193 2347 1882 1915 2428 2265 2215 2575 1844 2260 2253 1868 1957 2252 2075 2435 2087 2249 2376 1902 2346 2009 2221 2195 2186 2005 2147 2258 2045 2018 2046 2358 2187 2161 2474 2347 2032 2151 
2024 2270 2306 2058 2108 2158 2175 2365 2293 2177 1992 2228 2143 2284 2312 2111 2395 2214 2125 2439 2164 2059 2143 2177 2060 2209 2483 2358 2356 1976 2215 2330 2008 1960 2037 1942 1757 1882 2191 2043 2325 1943 2100 2187 2282 2058 2081 2472 2355 1976 1938 2045 2115 2225 2281 2181 1985 2112 2239 2577 1968 2123 2097 2040 2046 1901 2239 2055 2270 2455 2004 2139 2307 1962 1872 2060 2027 2300 2105 2147 2269 1815 2134 2080 2147 2362 2315 1936 2139 2202 2263 2059 1937 2090 2189 2015 2153 2478 1969 1817 
1773 2080 1885 1974 1780 1811 1902 2116 2105 2086 1912 1928 1909 1995 2106 2018 2059 1776 1943 2298 1994 1925 1919 1904 1889 1951 2134 2173 1876 1726 1859 1890 1730 1824 1846 1810 1730 1808 1895 1941 2067 1971 1772 1983 2193 1956 1925 2158 1953 1707 1884 1963 1906 2001 2035 2042 1953 1826 1873 2024 1961 1907 1911 1989 1877 1736 2208 1976 1955 2400 1774 1801 1887 1698 1716 1830 1874 2215 1917 1887 2199 1638 1828 1906 1935 1991 1939 1782 1847 2118 2002 1739 1872 1914 2081 1881 2026 2105 1851 1758 
1823 2057 1945 1952 1747 1780 2002 2208 2305 1990 1817 2064 1880 2028 2032 1895 1886 1951 2080 2186 1970 2049 1827 2049 1844 2156 2298 2333 1799 1807 1955 2002 1855 1900 1959 1735 1717 1897 1841 1950 2126 1880 1861 1909 2041 1904 1872 2280 2026 1686 1842 2060 1964 1987 1974 1968 2089 1861 1951 2082 1904 1904 1965 1863 1810 1743 2116 2017 1873 2302 1672 1986 1968 1683 1730 1941 1872 2302 1945 1956 2044 1684 1991 1875 1872 2163 1911 1720 1856 2103 2010 1693 1620 2075 2246 1925 2111 2160 1788 1950 
1979 2144 1880 1895 1835 1935 2039 2020 2294 1975 1965 2062 1967 1993 2178 1973 2103 1887 2159 2180 1929 2015 1965 1835 1972 2075 2241 2049 1830 1763 1977 1857 1793 1779 1959 1709 1618 1763 2105 1862 2061 1956 1748 1882 2285 1920 1851 2158 2019 1773 2010 2080 2024 2181 1919 2028 1928 1861 2097 2061 1923 1992 1987 2023 1920 1880 2199 2110 1910 2188 1683 2124 2006 1605 1877 1977 1936 2191 1930 1869 2144 1764 1912 1970 1857 2082 2022 1774 1923 1878 1968 1838 1809 2181 2047 2042 2127 1950 1859 1791 
2005 2331 2094 2130 1978 1889 1934 2382 2261 2051 2035 2144 2192 2227 2100 2082 1990 1966 2118 2351 2111 1934 2044 2058 1998 2014 2437 2236 2109 2055 2352 2132 1877 1812 1951 1925 1839 1939 2050 2170 2279 2179 1931 2133 2173 2186 1994 2245 2393 1793 2102 2138 2078 2026 2192 2173 2303 1877 2228 2164 1937 2238 2072 1995 2007 1922 2177 2067 2002 2435 2088 2082 2043 1881 1702 2178 1887 2158 1965 1826 2284 1771 1879 2003 2047 2117 2019 1741 2136 2358 2057 1869 1846 2032 2142 2080 2193 2367 1935 1944 
1787 1942 1833 1760 1632 1820 1697 2100 2059 1817 1631 1988 1790 2085 2126 1906 1987 1713 1825 2048 1903 1774 1721 1883 1663 1932 2068 2120 1888 1688 1857 1746 1521 1544 1580 1724 1545 1588 1767 2040 2028 1705 1721 1844 2212 1750 1943 1905 2069 1749 1712 1818 1726 1881 1829 1786 1868 1733 1858 1896 1763 1799 1942 1792 1682 1553 1934 1706 1555 2197 1709 1866 1957 1542 1509 1998 1768 1939 1786 1805 2020 1641 1686 1749 1761 1861 1912 1657 1909 1941 1850 1621 1667 1854 1959 1815 2051 1924 1677 1686 
1876 2241 1823 1912 1865 1972 1954 2143 2232 1944 1843 1896 2013 2137 2018 2019 2062 1760 2033 2212 1956 1942 1904 1884 1832 1878 2099 2022 1693 1714 1983 1858 1745 1747 1856 1665 1654 1868 2020 1875 2164 1757 1686 1789 2130 1982 1732 2119 2061 1800 1816 1981 2025 1969 1970 1883 2050 1783 2027 2114 1844 1992 1940 2043 1947 1784 2073 1994 1923 2136 1900 1862 1986 1625 1775 2041 1941 2274 1877 1769 2262 1605 1918 1808 1816 2043 2022 1798 2056 2029 1814 1697 1706 1949 2137 1957 2187 2243 1905 1710 
1843 2182 2096 2094 1810 1769 2021 2308 2260 2030 1755 2092 2101 2304 2179 2084 2221 1858 2065 2283 1945 2148 1973 1961 1917 1964 2085 2223 2086 1879 2127 2103 1725 1950 1908 1875 1763 1861 1975 2205 2184 1970 1907 2044 2264 2096 2010 2170 2216 1838 1922 1945 2013 1996 1989 1955 2045 1903 2199 2148 1947 2001 2001 2222 1862 1880 2232 2051 1912 2491 1915 2062 2144 1762 1875 2000 1973 2308 1922 1906 2233 1907 1950 2051 1979 2008 1966 1947 2018 2288 1880 1875 1854 2108 2177 2065 2168 2111 1886 1902 
2134 2102 2413 2120 1880 2062 2220 2382 2378 2057 1966 2118 2144 2163 2263 2089 2234 2084 2285 2227 2109 2104 1978 1981 2146 2157 2205 2294 2135 1987 2245 2263 2053 1894 2075 1983 1912 1806 2183 2098 2323 2162 1987 2128 2416 2200 2066 2366 2302 2010 2161 1900 2118 2128 2152 2124 2220 2089 2219 2295 1973 2074 2055 2049 2074 2065 2243 2213 1913 2517 1850 2139 2090 1754 1897 2104 2244 2301 2068 1900 2324 1736 2044 2083 1969 2054 2261 2062 2186 2245 2299 2025 1984 2184 2319 2061 2261 2298 2073 1734 
2017 2351 2217 2156 1848 2026 2038 2498 2403 2138 1871 2149 2215 2165 2188 2130 2183 1883 2244 2406 2120 1967 2039 1970 1971 2153 2232 2266 2107 1969 2067 2126 1931 1969 2010 1912 1870 1973 1920 2098 2287 2227 1971 2156 2246 2224 2126 2430 2193 1880 1990 2286 2196 2084 2110 1915 2195 1993 2194 2290 1973 2189 1978 2017 1957 1789 2065 2030 2099 2423 1930 2073 2072 1751 1726 2052 1927 2323 2033 1945 2202 1743 2000 1992 1935 2055 2238 1816 2138 2231 2110 1940 1939 2046 2234 1978 2267 2404 2072 1783 
2120 2209 2300 2195 2005 2046 2343 2455 2298 2115 2102 2231 2309 2314 2245 2281 2242 2236 2209 2311 2021 2211 2080 2164 2082 2274 2361 2394 2076 2002 2226 2326 2198 2096 2075 2014 1814 1918 2179 2218 2279 2206 2107 2201 2449 2213 2143 2291 2222 1976 2113 2052 2184 2252 2168 2160 2358 2050 2210 2350 2062 2096 2251 2182 2104 2003 2459 2255 2105 2506 1889 1973 2230 1908 2052 2277 2177 2610 2077 2003 2484 1864 2121 2033 2215 2278 2250 2185 2262 2274 2149 2166 2014 2304 2431 2084 2408 2440 2139 2070 
1722 1942 1928 1809 1595 1957 1906 2095 2051 1940 1769 1856 1961 2033 1969 1904 2045 1845 1847 2061 1938 2078 1853 1846 1954 1937 1944 2142 1924 1874 2078 1925 1690 1763 1686 1773 1652 1776 1992 2058 1857 1873 1884 1827 2053 1868 1933 2049 2105 1626 1739 1770 1926 1787 1926 1939 1982 1798 2004 2073 1886 1767 1798 1934 1747 1910 2136 1994 1723 2241 1858 1804 1892 1480 1751 1936 1828 2028 1881 1741 2066 1662 1739 1773 1659 1821 1712 1808 1968 2140 1918 1785 1808 2018 2044 1780 2015 2252 1706 1801 
1845 2212 2148 1984 1864 1816 1959 2321 2171 2005 1846 2317 2046 2181 2342 2097 2235 2046 2062 2132 2192 2050 1949 1985 1863 2030 2262 2161 2168 1839 2055 2139 2049 1917 1879 1936 1887 1837 1996 2073 2281 1877 1903 1923 2160 2152 1995 2344 2031 1936 1897 2114 2076 2024 2170 1875 2039 2004 2101 2240 1721 2004 2026 2009 1930 2001 2215 2145 2015 2357 1894 2037 2120 1711 1885 1954 1943 2352 1947 2067 2238 1820 2038 2079 2094 2242 2083 1869 2010 2127 2219 2064 1895 2038 2234 1990 2183 2407 2104 1886 
1997 2202 1979 1774 1664 1928 1992 2296 2194 1952 1783 2060 1953 2016 2104 1970 2016 1822 2092 2200 1902 2041 1943 1964 1994 2090 2254 2207 1894 1727 1994 1976 1879 1834 1656 1844 1758 1977 1815 1952 2010 2023 1804 2039 2122 1907 1942 2068 2054 1739 1877 1943 1973 1947 2057 2048 2001 1858 1921 2263 1887 1967 2166 1998 1884 1583 2179 1920 1966 2484 1802 1991 1974 1620 1678 2031 1832 2257 2013 1931 1975 1717 1911 1936 1705 1922 2034 1760 2017 1914 2199 1888 1835 1945 2134 1907 2178 2237 1763 1741 
2049 2161 2250 2133 1879 2072 2172 2417 2307 2111 1909 2131 2080 2173 2287 2194 2217 2149 2221 2300 2078 2039 2091 2117 2003 2170 2375 2302 2006 1876 2284 2145 1982 1880 1892 1823 1698 1912 2098 2146 2258 2027 1892 2059 2301 1989 1965 2271 2263 1927 2032 2054 2086 2109 2110 2025 2286 2086 2174 2302 1869 2105 2257 2003 2146 2027 2258 2183 2103 2339 2057 1989 2138 1776 1897 2185 2050 2298 2055 1991 2212 1803 1911 1763 1901 2182 2153 1973 2148 2159 2197 1983 1932 2035 2256 1973 2314 2531 2006 1888 
